break
0.000000 3.475000
0.010000 3.428488
0.020000 3.382364
0.030000 3.336626
0.040000 3.291271
0.050000 3.246294
0.060000 3.201693
0.070000 3.157465
0.080000 3.113607
0.090000 3.070115
0.100000 3.026986
0.110000 2.984217
0.120000 2.941806
0.130000 2.899748
0.140000 2.858042
0.150000 2.816684
0.160000 2.775671
0.170000 2.735001
0.180000 2.694670
0.190000 2.654675
0.200000 2.615015
0.210000 2.575685
0.220000 2.536684
0.230000 2.498008
0.240000 2.459655
0.250000 2.421622
0.260000 2.383906
0.270000 2.346505
0.280000 2.309417
0.290000 2.272637
0.300000 2.236165
0.310000 2.199997
0.320000 2.164131
0.330000 2.128565
0.340000 2.093295
0.350000 2.058320
0.360000 2.023637
0.370000 1.989243
0.380000 1.955137
0.390000 1.921315
0.400000 1.887776
0.410000 1.854517
0.420000 1.821536
0.430000 1.788830
0.440000 1.756398
0.450000 1.724237
0.460000 1.692345
0.470000 1.660719
0.480000 1.629358
0.490000 1.598259
0.500000 1.567421
0.510000 1.536840
0.520000 1.506515
0.530000 1.476445
0.540000 1.446626
0.550000 1.417057
0.560000 1.387735
0.570000 1.358660
0.580000 1.329828
0.590000 1.301237
0.600000 1.272887
0.610000 1.244775
0.620000 1.216898
0.630000 1.189256
0.640000 1.161845
0.650000 1.134666
0.660000 1.107714
0.670000 1.080989
0.680000 1.054489
0.690000 1.028212
0.700000 1.002157
0.710000 0.976320
0.720000 0.950702
0.730000 0.925299
0.740000 0.900111
0.750000 0.875135
0.760000 0.850370
0.770000 0.825814
0.780000 0.801466
0.790000 0.786514
0.800000 0.782454
0.810000 0.778470
0.820000 0.774560
0.830000 0.770725
0.840000 0.766961
0.850000 0.763269
0.860000 0.759648
0.870000 0.756095
0.880000 0.752610
0.890000 0.749193
0.900000 0.745841
0.910000 0.742554
0.920000 0.739331
0.930000 0.736170
0.940000 0.733072
0.950000 0.730034
0.960000 0.727055
0.970000 0.724136
0.980000 0.721274
0.990000 0.718469
