3.010000 0.920794
3.020000 1.000400
3.030000 1.086590
3.040000 1.179885
3.050000 1.280843
3.060000 1.390067
3.070000 1.508202
3.080000 1.635942
3.090000 1.774034
3.100000 1.923279
3.110000 2.084538
3.120000 2.258733
3.130000 2.446856
3.140000 2.649971
3.150000 2.869220
3.160000 3.105826
3.170000 3.361101
3.180000 3.636453
3.190000 3.933391
3.200000 4.253530
3.210000 4.598602
3.220000 4.970462
3.230000 5.371098
3.240000 5.802635
3.250000 6.267351
3.260000 6.767683
3.270000 7.306238
3.280000 7.885806
3.290000 8.509371
3.300000 9.180123
3.310000 9.901474
3.320000 10.677070
3.330000 11.510809
3.340000 12.406854
3.350000 13.369654
3.360000 14.403961
3.370000 15.514848
3.380000 16.707732
3.390000 17.988397
3.400000 19.363013
3.410000 20.838165
3.420000 22.420880
3.430000 24.118650
3.440000 25.939468
3.450000 27.891854
3.460000 29.984891
3.470000 32.228261
3.480000 34.632281
3.490000 37.207944
3.500000 39.966959
3.510000 42.921799
3.520000 46.085742
3.530000 49.472930
3.540000 53.098414
3.550000 56.978213
3.560000 61.129374
3.570000 65.570033
3.580000 70.319483
3.590000 75.398241
3.600000 80.828128
3.610000 86.632340
3.620000 92.835539
3.630000 99.463932
3.640000 106.545372
3.650000 114.109450
3.660000 122.187600
3.670000 130.813211
3.680000 140.021739
3.690000 149.850830
3.700000 160.340451
3.710000 171.533023
3.720000 183.473564
3.730000 196.209845
3.740000 209.792547
3.750000 224.275428
3.760000 239.715504
3.770000 256.173236
3.780000 273.712730
3.790000 292.401940
3.800000 312.312895
3.810000 333.521927
3.820000 356.109921
3.830000 380.162565
3.840000 405.770630
3.850000 433.030252
3.860000 462.043236
3.870000 492.917373
3.880000 525.766777
3.890000 560.712236
3.900000 597.881583
3.910000 637.410091
3.920000 679.440883
3.930000 724.125363
3.940000 771.623678
3.950000 822.105191
3.960000 875.748996
3.970000 932.744440
3.980000 993.291689
3.990000 1057.602314
4.000000 1125.899907
4.010000 1198.420738
4.020000 1275.414432
4.030000 1357.144695
4.040000 1443.890064
4.050000 1535.944702
4.060000 1633.619239
4.070000 1737.241641
4.080000 1847.158136
4.090000 1963.734184
4.100000 2087.355488
4.110000 2218.429067
4.120000 2357.384376
4.130000 2504.674484
4.140000 2660.777308
4.150000 2826.196914
4.160000 3001.464877
4.170000 3187.141713
4.180000 3383.818375
4.190000 3592.117830
4.200000 3812.696712
4.210000 4046.247051
4.220000 4293.498090
4.230000 4555.218194
4.240000 4832.216844
4.250000 5125.346736
4.260000 5435.505976
4.270000 5763.640384
4.280000 6110.745904
4.290000 6477.871140
4.300000 6866.120002
4.310000 7276.654486
4.320000 7710.697585
4.330000 8169.536338
4.340000 8654.525020
4.350000 9167.088495
4.360000 9708.725712
4.370000 10281.013378
4.380000 10885.609796
4.390000 11524.258890
4.400000 12198.794412
4.410000 12911.144351
4.420000 13663.335540
4.430000 14457.498489
4.440000 15295.872430
4.450000 16180.810605
4.460000 17114.785788
4.470000 18100.396077
4.480000 19140.370932
4.490000 20237.577509
4.500000 21395.027271
4.510000 22615.882907
4.520000 23903.465566
4.530000 25261.262414
4.540000 26692.934540
4.550000 28202.325220
4.560000 29793.468548
4.570000 31470.598460
4.580000 33238.158165
4.590000 35100.809992
4.600000 37063.445688
4.610000 39131.197165
4.620000 41309.447731
4.630000 43603.843823
4.640000 46020.307251
4.650000 48565.047993
4.660000 51244.577550
4.670000 54065.722892
4.680000 57035.641011
4.690000 60161.834120
4.700000 63452.165511
4.710000 66914.876110
4.720000 70558.601749
4.730000 74392.391192
4.740000 78425.724940
4.750000 82668.534852
4.760000 87131.224615
4.770000 91824.691091
4.780000 96760.346588
4.790000 101950.142082
4.800000 107406.591433
4.810000 113142.796642
4.820000 119172.474179
4.830000 125509.982432
4.840000 132170.350321
4.850000 139169.307129
4.860000 146523.313586
4.870000 154249.594272
4.880000 162366.171379
4.890000 170891.899897
4.900000 179846.504265
4.910000 189250.616565
4.920000 199125.816308
4.930000 209494.671874
4.940000 220380.783678
4.950000 231808.829128
4.960000 243804.609439
4.970000 256395.098385
4.980000 269608.493064
4.990000 283474.266741
5.000000 298023.223877
